129.338165283203
59.5563545227051
6.24264097213745
78.4558410644531
70.4264221191406
566.067993164063
NaN
NaN
NaN
NaN
NaN
NaN
NaN
2
4
3.8284273147583
11.0710678100586
3.82842707633972
3
NaN
NaN
NaN
11.3137073516846
13.3137073516846
NaN
2.41421365737915
NaN
NaN
6.24264049530029
NaN
175.823455810547
NaN
NaN
NaN
2.82842707633972
NaN
4.8284273147583
2.82842707633972
NaN
NaN
5
5.8284273147583
2.41421365737915
3
284.735198974609
340.090576171875
NaN
NaN
26.7279205322266
7.07106781005859
NaN
4
NaN
24
NaN
NaN
40.3847808837891
210.794052124023
56.9411354064941
7.07106781005859
10.2426404953003
NaN
NaN
2
NaN
22.3847732543945
NaN
NaN
NaN
NaN
NaN
NaN
5
NaN
26.9705600738525
68.6985015869141
4.24264049530029
4.8284273147583
39.9411277770996
34.3137054443359
NaN
6.65685415267944
18.4852809906006
736.959838867188
743.373962402344
2.82842707633972
NaN
NaN
NaN
6
90.2842788696289
3.41421365737915
3
782.515747070313
355.445953369141
22.3137073516846
9.65685367584229
5.65685415267944
11.828426361084
NaN
NaN
NaN
45.1127052307129
11.6568546295166
NaN
424.931243896484
4
NaN
16.242639541626
NaN
NaN
3.8284273147583
NaN
NaN
16.4852809906006
41.213207244873
541.925842285156
570.310119628906
3
NaN
6.41421365737915
432.588104248047
8.07106781005859
598.623779296875
2
6.24264097213745
21.828426361084
NaN
13.8994941711426
356.688598632813
376.588104248047
53.2842788696289
12.0710678100586
4.8284273147583
NaN
848.62744140625
556.825073242188
742.7587890625
34.6274147033691
NaN
NaN
592.724365234375
617.10888671875
373.102813720703
618.836547851563
7.41421365737915
NaN
NaN
NaN
3.41421365737915
NaN
10.828426361084
10.4852809906006
3.8284273147583
611.138366699219
19.4852809906006
4.8284273147583
1.41421353816986
4.41421365737915
NaN
348.77685546875
605.966857910156
713.474975585938
1232.56567382813
134.539154052734
4.41421365737915
83.8406524658203
NaN
9.24264144897461
57.5269241333008
82.1837844848633
NaN
NaN
9.07106781005859
2
9.07106781005859
180.338165283203
134.024459838867
974.248474121094
NaN
NaN
20.0710678100586
746.989135742188
14.0710668563843
3.82842707633972
4.41421365737915
NaN
NaN
NaN
69.62744140625
4
28.7989864349365
398.416534423828
167.338165283203
585.138854980469
32.3847732543945
NaN
79.4974975585938
NaN
11.2426404953003
1
12.4852809906006
18.7279205322266
806.941711425781
967.591735839844
591.055480957031
9.24264049530029
574.570434570313
497.629760742188
NaN
370.818511962891
541.014221191406
18.2426414489746
426.700836181641
224.208267211914
202.752380371094
4
NaN
27.5563468933105
645.564331054688
908.479614257813
1034.46105957031
658.652526855469
22.485279083252
44.5269203186035
5.8284273147583
649.150207519531
32.0416259765625
NaN
51.798999786377
NaN
66.669075012207
NaN
141.509735107422
20.7279205322266
708.877014160156
727.533569335938
687.279541015625
255.007263183594
NaN
82.669075012207
278.764617919922
3
1330.27514648438
703.764709472656
20.8994941711426
496.014556884766
2.82842707633972
13.3137073516846
5.8284273147583
NaN
20.1421337127686
NaN
28.7279205322266
1.41421353816986
571.984375
10.2426404953003
665.664428710938
15.1421337127686
712.575439453125
6.24264097213745
7.65685415267944
604.866455078125
12.8994941711426
866.698974609375
NaN
NaN
131.539154052734
90.0416564941406
133.095520019531
7.07106781005859
4.24264049530029
11
903.740112304688
NaN
267.664123535156
145.409240722656
441.115051269531
1188.45373535156
2
4.41421365737915
235.794052124023
32.3847732543945
2.82842707633972
NaN
NaN
941.023803710938
NaN
NaN
261.007263183594
306.605285644531
7.24264097213745
732.705017089844
12.8994941711426
21.4852809906006
387.646942138672
220.208251953125
NaN
344.705810546875
8
433.215545654297
635.593688964844
730.303100585938
556.126831054688
278.794036865234
56.9411392211914
107.568580627441
54.6984901428223
NaN
878.071350097656
974.408081054688
1088.87451171875
8.48528099060059
77.8700714111328
736.432861328125
615.108642578125
743.344604492188
5.41421365737915
11.0710678100586
17.1421337127686
861.6279296875
1127.74401855469
NaN
288.534210205078
397.274353027344
332.948425292969
9.07106781005859
318.605285644531
7.41421365737915
15.414213180542
552.298400878906
4.41421365737915
5.65685415267944
223.409240722656
26.7279186248779
1110.4306640625
317.77685546875
18.242639541626
8
595.339538574219
433.931243896484
9.6568546295166
37.3847770690918
56.041633605957
NaN
11.4852809906006
137.124938964844
1234.38256835938
313.676361083984
30.6274127960205
4.24264049530029
136.953369140625
8.6568546295166
25.9705600738525
3
119.468086242676
NaN
690.806213378906
5
1296.40551757813
3.8284273147583
2.82842707633972
6.6568546295166
12.8994941711426
NaN
NaN
1270.93859863281
3
4.41421365737915
8.07106781005859
448.428771972656
459.600341796875
365.847930908203
4.8284273147583
2.41421365737915
NaN
15.8994941711426
13.828426361084
15.7279205322266
1003.54992675781
1134.50134277344
150.196014404297
6.24264097213745
5
753.587036132813
653.137878417969
631.652893066406
343.249908447266
6.41421365737915
307.806274414063
62.8700714111328
1228.06896972656
49.0416374206543
NaN
19.5563468933105
728.634033203125
668.794555664063
745.1318359375
5.8284273147583
78.1837844848633
15.4852809906006
33.2842674255371
NaN
237.279342651367
460.901824951172
322.119995117188
3.8284273147583
879.497802734375
NaN
8.07106781005859
51.5269165039063
943.828125
575.097045898438
376.806274414063
556.511596679688
8.24264049530029
9.82842636108398
4
24.7279205322266
27.6274127960205
455.428771972656
712.50439453125
17.5563468933105
18.3137073516846
540.470092773438
4.41421365737915
688.262451171875
14.8994932174683
8.48528099060059
1045.51977539063
169.438674926758
86.4974975585938
266.463134765625
138.610244750977
716.1494140625
705.25
15.828426361084
24.5563468933105
562.683044433594
30.1421318054199
1296.39416503906
1346.17456054688
8.6568546295166
1
NaN
62.1127090454102
11.3137073516846
59.1837844848633
11.6568536758423
81.8406448364258
9
51.6274261474609
4.24264049530029
28.7989864349365
18.8994922637939
30.2131996154785
2.82842707633972
54.9411392211914
965.627014160156
8.24264144897461
583.682800292969
6
262.350402832031
NaN
50.9411354064941
21.4852809906006
9.82842636108398
84.6984939575195
29.3137054443359
671.421630859375
3.8284273147583
3.82842707633972
644.723754882813
37.0416297912598
410.274383544922
125.639656066895
181.995025634766
791.544921875
23.1421337127686
632.65283203125
1060.41918945313
9.41421318054199
1272.42395019531
37.698486328125
28.3847732543945
753.7763671875
657.380493164063
7.24264097213745
61.8406372070313
60.5979957580566
628.652954101563
47.3553466796875
26.9705600738525
803.089477539063
960.165771484375
1144.40063476563
NaN
252.906768798828
9.6568546295166
17.9705600738525
18.7279205322266
677.622863769531
688.220825195313
6.65685415267944
2.82842707633972
875.568908691406
61.840633392334
96.325927734375
NaN
228.794052124023
1244.49450683594
2.41421365737915
692.392333984375
165.710739135742
346.433715820313
1155.30004882813
1313.87927246094
314.019500732422
75.355354309082
287.705780029297
702.178955078125
680.108093261719
33.6274147033691
40.6274185180664
114.539154052734
1257.45349121094
345.747436523438
4.41421365737915
1225.93835449219
2.82842707633972
609.238891601563
114.053863525391
158.882293701172
NaN
15.4852800369263
1351.677734375
37.8994979858398
215.794036865234
14.6568546295166
2.82842707633972
77.5979995727539
88.0122222900391
102.598007202148
21.9705600738525
20.9705600738525
151.710739135742
111.225433349609
265.421478271484
65.9411392211914
6.24264097213745
9.07106781005859
6.41421365737915
107.6396484375
21.07106590271
11.6568546295166
12.414213180542
756.91796875
1083.27136230469
654.279968261719
21.0710678100586
NaN
12.4852809906006
6.8284273147583
94.1249389648438
799.758056640625
1235.52404785156
9.07106781005859
7.65685415267944
32.9705619812012
6.8284273147583
185.693542480469
8.24264144897461
1316.08020019531
121.781806945801
24.3847732543945
228.936187744141
95.0832977294922
2.82842707633972
1.41421353816986
7.6568546295166
53.3847846984863
114.982795715332
191.794036865234
8.6568546295166
206.208251953125
172.752380371094
13.6568536758423
121.740158081055
52.2132110595703
988.294921875
183.066101074219
105.811225891113
137.296508789063
149.338165283203
898.296569824219
12.7279205322266
5.65685415267944
841.1005859375
42.4558448791504
1273.07983398438
NaN
72.8112106323242
4.8284273147583
4.8284273147583
96.9827880859375
103.6396484375
20.656852722168
15.0710668563843
NaN
6.8284273147583
6.41421365737915
9.41421318054199
6.8284273147583
519.742370605469
124.497512817383
6.24264097213745
10.8994941711426
140.811233520508
378.546447753906
116.681304931641
1278.69592285156
6.8284273147583
187.722961425781
252.593063354492
5.24264049530029
327.534210205078
7.07106781005859
74.355354309082
55.7695693969727
103.083297729492
122.196014404297
1169.82653808594
79.2548599243164
1
18.6568546295166
5.24264097213745
2.82842707633972
5.65685415267944
1103.70275878906
16.4852809906006
451.90185546875
1140.21166992188
83.325927734375
214.794036865234
4.41421365737915
185.338165283203
227.593048095703
41.2132034301758
540.398986816406
179.438674926758
345.847930908203
4.8284273147583
109.982803344727
93.9117202758789
204.480316162109
12.2426404953003
574.712524414063
9.48528099060059
20.6568546295166
244.52197265625
869.172180175781
1172.09887695313
1298.28149414063
4
649.451477050781
159.693542480469
421.345458984375
22.3137054443359
225.208251953125
17.4852809906006
10.828426361084
9.89949417114258
81.3970031738281
253.521987915039
31.6274127960205
2.82842707633972
975.010803222656
158.852874755859
110.083297729492
106.639656066895
85.5685729980469
235.794036865234
NaN
893.899841308594
14.8284273147583
5.8284273147583
8.48528099060059
493.529266357422
224.409255981445
25.656852722168
1156.12841796875
1127.43029785156
57.8700637817383
259.492553710938
52.6984939575195
264.52197265625
NaN
4.24264049530029
7.24264049530029
717.291381835938
292.634704589844
8.48528099060059
147.539154052734
32.7279205322266
7.41421365737915
2.41421365737915
49.4558486938477
11.8994941711426
20.7279205322266
272.806274414063
358.232727050781
17.656852722168
259.178802490234
129.781799316406
22.7279186248779
37.2131996154785
166.6396484375
738.847473144531
13.3137073516846
78.5980072021484
6.8284273147583
4
1160.37097167969
8.6568546295166
7.07106781005859
10.4852809906006
169.852890014648
21.3137054443359
229.078338623047
608.824462890625
4.8284273147583
11.8994941711426
767.1015625
16.8994941711426
299.1494140625
4.41421365737915
59.6984977722168
215.208251953125
18.656852722168
14.242639541626
151.722961425781
91.4975128173828
14.4852809906006
1347.3935546875
121.539161682129
10.6568546295166
5.65685415267944
300.747436523438
203.953369140625
310.534210205078
776.101440429688
81.669075012207
2.82842707633972
7.65685415267944
19.9705600738525
185.178833007813
NaN
5.65685415267944
50.7279281616211
71.5269241333008
674.250244140625
584.268676757813
NaN
5.8284273147583
2.82842707633972
34.6274147033691
40.2842712402344
211.882293701172
349.333221435547
505.357696533203
12.8994941711426
381.718017578125
4
380.889587402344
516.014526367188
567.0556640625
71.6690673828125
962.1123046875
112.882301330566
665.664489746094
307.693572998047
4.24264049530029
12.3137073516846
1374.46423339844
308.019500732422
125.053871154785
47.2132110595703
NaN
NaN
15.6568536758423
29.7279186248779
121.639656066895
59.1127128601074
540.570434570313
210.752410888672
19.3137073516846
1055.60302734375
9.48528099060059
7.6568546295166
405.102813720703
14.4852809906006
16.414213180542
1031.39013671875
3.41421365737915
1352.80773925781
399.445953369141
19.7279205322266
NaN
252.622467041016
10.0710678100586
2.82842707633972
8.8284273147583
1351.73657226563
20.6568546295166
331.504791259766
402.617523193359
2.82842707633972
9.89949417114258
463.173889160156
639.723876953125
2.41421365737915
6.6568546295166
NaN
334.705780029297
14.7279205322266
4.8284273147583
166.794036865234
144.781799316406
449.830749511719
368.605285644531
5.65685415267944
6.24264097213745
610.582092285156
668.279907226563
51.01220703125
5.65685415267944
19
9.48528099060059
NaN
185.622467041016
154.450897216797
37.3847808837891
429.073394775391
102.568572998047
11.0710678100586
87.3970031738281
20.07106590271
407.061157226563
659.865539550781
470.487609863281
4.8284273147583
7.07106781005859
NaN
179.279327392578
305.575866699219
256.1494140625
498.328277587891
25.3847732543945
637.309692382813
657.451599121094
7
3
55.0122108459473
918.266845703125
1334.12170410156
1001.07684326172
3.41421365737915
16.3137073516846
1389.94921875
64.325927734375
125.882308959961
262.019500732422
195.007263183594
195.007263183594
262.835693359375
591.096923828125
3.82842707633972
86.7401428222656
21.1421337127686
117.568580627441
1098.88659667969
NaN
9.41421318054199
28.0416259765625
382.605285644531
6.41421365737915
16
5.65685415267944
2.82842707633972
2
510.9140625
611.996215820313
623.652954101563
659.309448242188
170.09553527832
3
NaN
52.6984939575195
NaN
283.019500732422
269.433715820313
438.244964599609
69.982780456543
20.485279083252
3
3.8284273147583
34.9705657958984
82.0122146606445
457.215545654297
751.604614257813
653.137939453125
188.68132019043
129.911727905273
2.41421365737915
6.24264097213745
25.5563449859619
467.244995117188
25.5563449859619
NaN
332.203308105469
348.333221435547
174.095520019531
554.712585449219
23.0710678100586
18.0710678100586
9.24264049530029
20.3847732543945
43.7989883422852
1352.7783203125
1424.13256835938
284.463134765625
3
85.8406524658203
7
34.2842636108398
544.0263671875
659.907409667969
711.39208984375
676.208740234375
955.052673339844
14.414213180542
124.497497558594
114.982795715332
19.5563468933105
6.8284273147583
130.024444580078
1414.6474609375
1433.17407226563
121.953369140625
694.107971191406
113.568572998047
5.8284273147583
173.89453125
58.7695655822754
22.3137073516846
74.3553619384766
1353.60668945313
1078.5732421875
27.1421337127686
2.41421365737915
4.24264049530029
59.5269241333008
6
7.24264097213745
9.6568546295166
690.7060546875
1.41421353816986
2.82842707633972
2.41421365737915
140.095520019531
676.179260253906
20.1421337127686
3.41421365737915
305.977844238281
200.308746337891
83.3259353637695
NaN
1497.37426757813
10.8994941711426
16.3137073516846
13.0710668563843
62.355354309082
1491.35717773438
707.60546875
1.41421353816986
111.154373168945
7.07106781005859
67.2548599243164
5
1
34.6274147033691
21.1421337127686
1444.86022949219
257.593048095703
712.534301757813
13.4852809906006
1144.89807128906
3
6.6568546295166
82.0832901000977
72.8406372070313
85.1543655395508
93.2965087890625
NaN
258.52197265625
34.2132034301758
26.7989864349365
36.5563430786133
14.3137073516846
317.463134765625
254.936187744141
174.580825805664
NaN
NaN
3
31.5563468933105
52.2842788696289
271.421478271484
153.409240722656
NaN
110.124938964844
6.8284273147583
NaN
2.82842707633972
130.267074584961
4.24264049530029
9.48528099060059
177.480316162109
NaN
337.191070556641
NaN
NaN
168.26708984375
NaN
63.183780670166
213.722961425781
24.7279186248779
9.41421318054199
6.24264097213745
NaN
NaN
244.350402832031
NaN
1500.48693847656
1097.12927246094
1514.52844238281
35.7989883422852
78.8406524658203
13.0710678100586
390.232727050781
1166.15270996094
337.019500732422
136.296508789063
421.203308105469
6.65685415267944
4.24264049530029
280.906768798828
3.41421365737915
5.24264049530029
1225.22326660156
11.2426404953003
243.379821777344
207.551391601563
2.82842707633972
13.8284273147583
73.9411392211914
274.078338623047
4.8284273147583
590.055480957031
21.9705600738525
191.89453125
619.582153320313
16.3137073516846
229.308746337891
300.634704589844
6
1562.32678222656
4
NaN
18.3137073516846
10.8994941711426
627.238830566406
402.818511962891
634.410278320313
NaN
1230.75012207031
646.138122558594
570.81298828125
1611.05407714844
58.1127052307129
12.6568536758423
643.65283203125
66.5563583374023
33.1421318054199
380.919006347656
386.546447753906
92.2548522949219
669.1083984375
37.6274185180664
16.828426361084
446.789093017578
655.55224609375
12.414213180542
454.2744140625
9.07106781005859
685.27978515625
1324.34704589844
482.688629150391
1673.79345703125
31.4558391571045
432.316040039063
691.380187988281
NaN
56.4558563232422
196.196014404297
554.996948242188
55.5269165039063
